image: KI_2F_map2.pgm
resolution: 0.050000
origin: [-44.262057, -60.649512, 0.000000]
negate: 0
occupied_thresh: 0.65
free_thresh: 0.196

