image: KI_3F_map2.pgm
resolution: 0.050000
origin: [-54.159912, -44.823666, 0.000000]
negate: 0
occupied_thresh: 0.65
free_thresh: 0.196

