image: cityhall_final_-9.8.pgm
resolution: 0.100000
origin: [-163.900006, -104.499997, 0]
negate: 0
occupied_thresh: 0.65
free_thresh: 0.196

