image: KI_1F.pgm
resolution: 0.100000
origin: [-100.600003, -57.500001, 0]
negate: 0
occupied_thresh: 0.65
free_thresh: 0.196

