image: KI_1F_origin.pgm
resolution: 0.100000
origin: [-100.600003, -57.500001, -nan]
negate: 0
occupied_thresh: 0.65
free_thresh: 0.196

